Random Player ratings = [1477.532108272133, 1491.8714238084292, 1570.9474743803266, 1507.2139874215943, 1494.4839905669912, 1362.4117092252868, 1449.9903990789617, 1576.148039418819, 1429.9751156359089, 1628.909019835689, 1507.311347371636, 1337.6239043430573, 1504.9323332937272, 1640.8780828618508, 1618.214898405336, 1387.115889754501, 1449.7295027714183, 1499.3933167648556, 1633.6990644442194, 1446.4225088680187], mean = 1500.7402058261378, std = 86.80681219437682
Greedy Player ratings = [1658.6984290540813, 1480.3099247280245, 1469.6950118417728, 1402.5613113005165, 1554.8018076325586, 1377.5215267441622, 1550.7796629195805, 1381.1866683759415, 1488.8847235854146, 1418.2025453445958, 1680.5313491872698, 1521.500213554143, 1502.6251409436056, 1562.1815723339932, 1399.780560497986, 1467.8674694975466, 1448.4626548347562, 1371.7289563886084, 1517.093035337357, 1396.2716495909995], mean = 1482.5342106846456, std = 86.47637755965741
DMC Player ratings = [1578.480612080157, 1531.6705133098985, 1548.2827730360157, 1521.9080569035282, 1480.1918955912054, 1605.6479925096949, 1527.4311245554868, 1746.5442486950005, 1499.9270893611272, 1342.013121675288, 1438.267883429864, 1355.1147084619056, 1557.7875488089255, 1549.4126714317704, 1501.1616380569526, 1634.6407868589897, 1381.4745203634072, 1416.3099236861756, 1618.0855101945747, 1500.1590507743708], mean = 1516.7255834892171, std = 96.47238013793259

Random Player ratings: mean = 1500.7402058261378, std = 86.80681219437682
Greedy Player ratings: mean = 1482.5342106846456, std = 86.47637755965741
DMC Player ratings: mean = 1516.7255834892171, std = 96.47238013793259

Random Player ratings = [1538.03564453125, 1655.6126708984375, 1406.339111328125, 1347.9674072265625, 1471.103759765625, 1354.730712890625, 1508.14599609375, 1551.551025390625, 1590.3995361328125, 1366.377685546875, 1420.6043701171875, 1469.45556640625, 1415.2894287109375, 1574.3265380859375, 1399.6199951171875, 1566.279296875, 1338.9605712890625, 1382.2620849609375, 1587.382568359375, 1498.5908203125, 1294.4947509765625, 1476.354248046875, 1519.0972900390625, 1443.211669921875, 1517.11474609375, 1430.52685546875, 1487.0260009765625, 1288.453369140625, 1598.1278076171875, 1378.632080078125, 1487.899169921875, 1502.81298828125, 1551.6832275390625, 1550.4991455078125, 1636.1090087890625, 1541.240966796875, 1595.3853759765625, 1399.1339111328125, 1312.770263671875, 1354.5477294921875, 1458.0899658203125, 1558.171142578125, 1384.8404541015625, 1472.3846435546875, 1589.658935546875, 1620.2347412109375, 1414.126953125, 1574.3916015625, 1536.636962890625, 1531.029541015625, 1611.67626953125, 1290.7054443359375, 1445.159912109375, 1446.6917724609375, 1548.2882080078125, 1413.9688720703125, 1458.2935791015625, 1531.7303466796875, 1416.9912109375, 1374.0777587890625, 1394.3515625, 1307.31005859375, 1684.178466796875, 1411.7662353515625, 1396.5010986328125, 1437.029052734375, 1442.9132080078125, 1530.824462890625, 1447.1134033203125, 1562.5299072265625, 1542.188720703125, 1450.7222900390625, 1456.7982177734375, 1408.8250732421875, 1470.31640625, 1678.7530517578125, 1496.893798828125, 1387.9326171875, 1384.19873046875, 1371.1070556640625, 1586.7816162109375, 1418.2210693359375, 1475.5277099609375, 1430.3995361328125, 1526.953125, 1551.0770263671875, 1611.599365234375, 1489.0347900390625, 1470.366943359375, 1420.5689697265625, 1727.143310546875, 1571.507080078125, 1516.3590087890625, 1572.606689453125, 1377.2109375, 1468.6046142578125, 1551.5299072265625, 1556.3511962890625, 1277.5233154296875, 1508.2362060546875], 
Mean = 1478.5515954589844, std = 94.97535666009132
Greedy Player ratings = [1423.230712890625, 1382.61767578125, 1483.059326171875, 1544.330078125, 1294.61767578125, 1529.900146484375, 1365.9791259765625, 1658.9970703125, 1493.299560546875, 1529.418701171875, 1628.1627197265625, 1614.3125, 1616.706298828125, 1579.2376708984375, 1476.6123046875, 1381.303466796875, 1609.23388671875, 1400.6156005859375, 1584.539306640625, 1512.6343994140625, 1458.41064453125, 1553.0325927734375, 1396.86669921875, 1546.10205078125, 1622.6138916015625, 1311.6986083984375, 1518.922119140625, 1497.1767578125, 1519.09326171875, 1518.2354736328125, 1545.83203125, 1471.2822265625, 1570.4510498046875, 1398.02294921875, 1562.12890625, 1470.8992919921875, 1472.81103515625, 1566.0709228515625, 1595.035400390625, 1423.1925048828125, 1662.6954345703125, 1518.7286376953125, 1622.46142578125, 1409.3133544921875, 1607.3560791015625, 1632.151611328125, 1465.502685546875, 1395.6390380859375, 1293.8250732421875, 1567.0419921875, 1626.2222900390625, 1320.62890625, 1565.197998046875, 1617.264404296875, 1305.8746337890625, 1674.7353515625, 1490.84521484375, 1560.89306640625, 1350.8829345703125, 1513.6485595703125, 1608.6959228515625, 1350.501953125, 1393.4144287109375, 1589.455810546875, 1509.1611328125, 1510.8831787109375, 1522.9464111328125, 1435.413330078125, 1513.1077880859375, 1552.7567138671875, 1571.2366943359375, 1628.865478515625, 1688.4691162109375, 1556.6072998046875, 1482.36767578125, 1545.797607421875, 1622.244384765625, 1625.654296875, 1455.872802734375, 1613.1341552734375, 1589.1063232421875, 1363.5797119140625, 1522.4287109375, 1393.441650390625, 1486.219970703125, 1385.1119384765625, 1511.56005859375, 1383.652587890625, 1497.7001953125, 1509.0439453125, 1438.0311279296875, 1582.3502197265625, 1443.2476806640625, 1462.8592529296875, 1411.1058349609375, 1520.0948486328125, 1473.8011474609375, 1437.8082275390625, 1409.9193115234375, 1611.11962890625], 
Mean = 1505.3636389160156, std = 94.5376719351281
DMC Player ratings = [1510.7928466796875, 1692.4246826171875, 1603.0357666015625, 1547.8143310546875, 1619.5301513671875, 1415.347412109375, 1587.488037109375, 1458.654052734375, 1629.9769287109375, 1494.550048828125, 1329.965576171875, 1568.9840087890625, 1652.8577880859375, 1655.3804931640625, 1385.2864990234375, 1509.322021484375, 1443.067138671875, 1452.2288818359375, 1567.869384765625, 1577.278564453125, 1519.087890625, 1535.4932861328125, 1486.7088623046875, 1548.6522216796875, 1475.19384765625, 1501.0545654296875, 1501.3873291015625, 1680.9444580078125, 1459.614501953125, 1474.7415771484375, 1436.889404296875, 1470.203125, 1490.1541748046875, 1478.140625, 1479.28759765625, 1505.4378662109375, 1539.2052001953125, 1259.28125, 1410.0428466796875, 1531.23974609375, 1511.2012939453125, 1495.994873046875, 1353.120849609375, 1597.4056396484375, 1689.484130859375, 1666.1417236328125, 1483.10498046875, 1454.613525390625, 1412.7117919921875, 1482.28369140625, 1429.9757080078125, 1541.8912353515625, 1473.22705078125, 1625.053955078125, 1713.5203857421875, 1492.1759033203125, 1713.4248046875, 1473.5443115234375, 1527.4619140625, 1488.688232421875, 1523.047119140625, 1537.9124755859375, 1506.17919921875, 1576.357177734375, 1477.4127197265625, 1486.1904296875, 1526.81103515625, 1260.2315673828125, 1516.3143310546875, 1461.68310546875, 1559.210693359375, 1373.573974609375, 1515.33935546875, 1523.8443603515625, 1398.0364990234375, 1553.425048828125, 1509.7227783203125, 1603.253662109375, 1597.5294189453125, 1539.0191650390625, 1534.5423583984375, 1510.913330078125, 1656.632568359375, 1412.1199951171875, 1591.130126953125, 1518.42333984375, 1430.411865234375, 1491.6641845703125, 1614.5665283203125, 1556.73046875, 1533.7237548828125, 1582.720947265625, 1594.4544677734375, 1512.054443359375, 1509.630615234375, 1489.26953125, 1393.0797119140625, 1534.681396484375, 1505.6380615234375, 1481.353759765625], 
Mean = 1516.084765625, std = 85.73401274308219

Simulated 114514 games with 4 processes. Elapsed time: 6651.136449098587 seconds
Random
Mean = 1475.157069091797, std = 86.57731999492947
Greedy
Mean = 1490.4976025390624, std = 88.13623707119925
DMC_0
Mean = 1520.4947338867187, std = 93.98624727952273
DMC_1e4
Mean = 1513.850594482422, std = 88.19720165992872